<?xml version="1.0"?>
<opencv_storage>
<mean type_id="opencv-matrix">
  <rows>39</rows>
  <cols>39</cols>
  <dt>"3f"</dt>
  <data>
    8.06580811e+01 8.52302933e+01 9.32543716e+01 7.85465393e+01
    8.29139175e+01 9.21732483e+01 7.87091217e+01 8.35106659e+01
    9.43432922e+01 7.73337479e+01 8.27897491e+01 9.55751266e+01
    7.93037109e+01 8.60368729e+01 1.01078331e+02 8.26272888e+01
    9.11453323e+01 1.08734459e+02 8.78738785e+01 9.83688736e+01
    1.18518539e+02 9.35490417e+01 1.05906418e+02 1.28463455e+02
    9.90327911e+01 1.13052872e+02 1.37492966e+02 1.04472038e+02
    1.19799126e+02 1.45741333e+02 1.09191170e+02 1.25340080e+02
    1.52505005e+02 1.13742210e+02 1.30599335e+02 1.58547501e+02
    1.17671082e+02 1.34967743e+02 1.63556549e+02 1.21145248e+02
    1.38748505e+02 1.67829880e+02 1.23877792e+02 1.41601868e+02
    1.71146255e+02 1.26071709e+02 1.43705368e+02 1.73664291e+02
    1.27651085e+02 1.45388000e+02 1.75476669e+02 1.28793839e+02
    1.46476913e+02 1.76799667e+02 1.29360794e+02 1.47067749e+02
    1.77383911e+02 1.30065048e+02 1.47779251e+02 1.78085495e+02
    1.30164078e+02 1.47871368e+02 1.78191254e+02 1.30148834e+02
    1.47791580e+02 1.78108124e+02 1.29950836e+02 1.47661667e+02
    1.77771255e+02 1.29174255e+02 1.46881546e+02 1.76819794e+02
    1.28114334e+02 1.45733170e+02 1.75441711e+02 1.26777580e+02
    1.44391541e+02 1.73680542e+02 1.24965378e+02 1.42483002e+02
    1.71288376e+02 1.22406418e+02 1.39766251e+02 1.68071243e+02
    1.19499878e+02 1.36449997e+02 1.64139328e+02 1.16248413e+02
    1.32765381e+02 1.59697876e+02 1.12520042e+02 1.28393799e+02
    1.54560547e+02 1.07844711e+02 1.22838165e+02 1.47892838e+02
    1.02613373e+02 1.16114876e+02 1.39642456e+02 9.52981262e+01
    1.06860916e+02 1.28147202e+02 8.71169586e+01 9.64558334e+01
    1.15047249e+02 8.01655426e+01 8.74807053e+01 1.03349960e+02
    7.50343323e+01 8.06708298e+01 9.39667053e+01 7.34622879e+01
    7.81285019e+01 8.91716690e+01 7.24382095e+01 7.65902481e+01
    8.58401642e+01 8.21662521e+01 8.68424988e+01 9.55391693e+01
    8.05521240e+01 8.51877060e+01 9.53039551e+01 7.92195435e+01
    8.42794571e+01 9.59926682e+01 7.77683716e+01 8.35544968e+01
    9.71607895e+01 8.04156647e+01 8.76302490e+01 1.03626877e+02
    8.47752533e+01 9.38633347e+01 1.12584122e+02 9.04802475e+01
    1.01711624e+02 1.22909378e+02 9.66211243e+01 1.09790253e+02
    1.33284042e+02 1.02492210e+02 1.17102959e+02 1.42341965e+02
    1.07779457e+02 1.23497253e+02 1.50007965e+02 1.12407585e+02
    1.28896545e+02 1.56332382e+02 1.16627541e+02 1.33690048e+02
    1.61908249e+02 1.20629585e+02 1.37923340e+02 1.66801880e+02
    1.23780914e+02 1.41319122e+02 1.70684830e+02 1.26603416e+02
    1.44120544e+02 1.73997757e+02 1.28798660e+02 1.46270966e+02
    1.76657623e+02 1.30271255e+02 1.47802414e+02 1.78455627e+02
    1.31454330e+02 1.48966370e+02 1.79811707e+02 1.32158585e+02
    1.49759796e+02 1.80707840e+02 1.32520920e+02 1.50074463e+02
    1.81142120e+02 1.32913254e+02 1.50522583e+02 1.81589294e+02
    1.32902878e+02 1.50488205e+02 1.81534790e+02 1.32663544e+02
    1.50251495e+02 1.81106171e+02 1.31946121e+02 1.49610916e+02
    1.80240128e+02 1.30835464e+02 1.48425003e+02 1.78758087e+02
    1.29249130e+02 1.46799835e+02 1.76707382e+02 1.27480621e+02
    1.44807831e+02 1.74198380e+02 1.24915543e+02 1.42193207e+02
    1.70890625e+02 1.22068291e+02 1.39027542e+02 1.67091202e+02
    1.18749168e+02 1.35290497e+02 1.62688507e+02 1.15234711e+02
    1.31362167e+02 1.57957672e+02 1.11046295e+02 1.26508041e+02
    1.52284332e+02 1.05928627e+02 1.20104332e+02 1.44557251e+02
    1.00054710e+02 1.12651253e+02 1.35333466e+02 9.33501663e+01
    1.03973999e+02 1.24457458e+02 8.65995026e+01 9.52163315e+01
    1.13085747e+02 8.00924606e+01 8.67197495e+01 1.01768333e+02
    7.70139160e+01 8.22467880e+01 9.46106644e+01 7.49869995e+01
    7.94657059e+01 8.97052078e+01 8.20252075e+01 8.67561264e+01
    9.57485809e+01 8.04923782e+01 8.52096252e+01 9.57819138e+01
    7.87397919e+01 8.39602890e+01 9.61490402e+01 7.81421661e+01
    8.42091675e+01 9.84783325e+01 8.15275803e+01 8.91490021e+01
    1.05988419e+02 8.66017075e+01 9.62990036e+01 1.15782166e+02
    9.25692902e+01 1.04368042e+02 1.26348709e+02 9.90587082e+01
    1.12612083e+02 1.36721085e+02 1.04934212e+02 1.19758957e+02
    1.45385880e+02 1.09722038e+02 1.25452873e+02 1.52143082e+02
    1.14181580e+02 1.30467789e+02 1.57996582e+02 1.18133125e+02
    1.34850082e+02 1.63063995e+02 1.21629417e+02 1.38471786e+02
    1.67432785e+02 1.24967499e+02 1.42036880e+02 1.71448624e+02
    1.27611916e+02 1.44678299e+02 1.74794830e+02 1.29900253e+02
    1.46996582e+02 1.77567841e+02 1.31641876e+02 1.48906464e+02
    1.79856964e+02 1.32825958e+02 1.50135590e+02 1.81378464e+02
    1.33692581e+02 1.51037582e+02 1.82526382e+02 1.34304535e+02
    1.51732162e+02 1.83339127e+02 1.34551544e+02 1.52009079e+02
    1.83593872e+02 1.34669830e+02 1.52106506e+02 1.83671127e+02
    1.34387085e+02 1.51762711e+02 1.83204163e+02 1.33588120e+02
    1.50982956e+02 1.82163254e+02 1.32175079e+02 1.49488586e+02
    1.80357620e+02 1.30470001e+02 1.47674789e+02 1.78015625e+02
    1.28443619e+02 1.45450424e+02 1.75219330e+02 1.25662003e+02
    1.42554916e+02 1.71538712e+02 1.22892456e+02 1.39504959e+02
    1.67750671e+02 1.19774666e+02 1.36071838e+02 1.63531036e+02
    1.16618668e+02 1.32624329e+02 1.59403839e+02 1.12674667e+02
    1.28145920e+02 1.54144333e+02 1.08006538e+02 1.22596748e+02
    1.47559799e+02 1.02317665e+02 1.15370834e+02 1.38720535e+02
    9.57637939e+01 1.07017212e+02 1.28237915e+02 8.88901215e+01
    9.80903320e+01 1.16918999e+02 8.27103348e+01 9.00877533e+01
    1.06137627e+02 7.95534134e+01 8.54248352e+01 9.89940033e+01
    7.86005020e+01 8.35357513e+01 9.49173737e+01 8.25329971e+01
    8.72346649e+01 9.65192947e+01 8.15072098e+01 8.63614578e+01
    9.73779144e+01 7.86180420e+01 8.39047470e+01 9.65497513e+01
    7.89707108e+01 8.53139572e+01 1.00241501e+02 8.26435394e+01
    9.07580032e+01 1.08336708e+02 8.83732910e+01 9.84627533e+01
    1.18721169e+02 9.46511230e+01 1.06747002e+02 1.29328049e+02
    1.00950378e+02 1.14651833e+02 1.39089340e+02 1.06378166e+02
    1.21028038e+02 1.46770126e+02 1.10479210e+02 1.25811836e+02
    1.52419327e+02 1.14222038e+02 1.29849960e+02 1.57150757e+02
    1.17555710e+02 1.33407501e+02 1.61316452e+02 1.20679375e+02
    1.36700714e+02 1.65346252e+02 1.23454498e+02 1.39640457e+02
    1.69004089e+02 1.26221085e+02 1.42535126e+02 1.72781326e+02
    1.28889786e+02 1.45360626e+02 1.76280548e+02 1.31005661e+02
    1.47748993e+02 1.79172913e+02 1.32805161e+02 1.49614044e+02
    1.81498215e+02 1.34196213e+02 1.51211548e+02 1.83241913e+02
    1.34937790e+02 1.52043121e+02 1.84255005e+02 1.35100418e+02
    1.52328293e+02 1.84516541e+02 1.35192963e+02 1.52292755e+02
    1.84536911e+02 1.34600006e+02 1.51641464e+02 1.83715118e+02
    1.33626663e+02 1.50520370e+02 1.82294662e+02 1.31751007e+02
    1.48643631e+02 1.79956131e+02 1.29461166e+02 1.46062378e+02
    1.76825836e+02 1.27128624e+02 1.43507126e+02 1.73412506e+02
    1.24345169e+02 1.40519791e+02 1.69516037e+02 1.21716415e+02
    1.37545456e+02 1.65768295e+02 1.19003456e+02 1.34601288e+02
    1.61990326e+02 1.15990501e+02 1.31395966e+02 1.58099701e+02
    1.12883499e+02 1.27999748e+02 1.54041168e+02 1.08967789e+02
    1.23381248e+02 1.48596542e+02 1.03830627e+02 1.17107628e+02
    1.40904465e+02 9.75122070e+01 1.09035919e+02 1.30984787e+02
    9.06380844e+01 1.00231628e+02 1.19816002e+02 8.39052048e+01
    9.16231689e+01 1.08358170e+02 8.02044983e+01 8.63103333e+01
    1.00523750e+02 7.98649139e+01 8.50360870e+01 9.70042114e+01
    8.30369186e+01 8.77750015e+01 9.74275436e+01 8.15454559e+01
    8.63732910e+01 9.77339172e+01 7.89247513e+01 8.44542465e+01
    9.75364609e+01 8.01026230e+01 8.67799606e+01 1.02277748e+02
    8.39841232e+01 9.24877090e+01 1.10803711e+02 8.98105850e+01
    1.00265961e+02 1.21128754e+02 9.60285416e+01 1.08276459e+02
